from:633070
step1: 24.5199999809
step2:1.86899995804
step3:0.348000049591
