step1: 292.375
step2:20.5069999695
step3:4.07999992371
step4:4092.21300006
19581
step5:0.620000123978
use time: 4409.79500008
